org dct -------------------------
6464 526 0 -196 0 141 0 -126 1 0 0 0 0 0 0 0 1 0 0 0 0 0 0 0 -1 0 0 0 0 0 0 0 0 0 0 0 0 0 0 0 -1 0 0 0 0 0 0 0 1 0 0 0 0 0 0 0 0 0 0 0 0 0 0 
-------------------------

qmat -------------------------
32768 65536 65536 52428 43690 43690 37449 32768 65536 65536 52428 43690 43690 37449 32768 29127 65536 52428 43690 43690 37449 32768 32768 29127 52428 52428 43690 43690 37449 32768 29127 26214 52428 43690 43690 37449 32768 32768 26214 21845 43690 43690 37449 32768 32768 26214 21845 18724 43690 43690 37449 32768 29127 23831 18724 15420 43690 37449 32768 29127 23831 18724 15420 
-------------------------

new dct -------------------------
101 16 0 -5 0 3 0 -2 0 0 0 0 0 0 0 0 0 0 0 0 0 0 0 0 0 0 0 0 0 0 0 0 0 0 0 0 0 0 0 0 0 0 0 0 0 0 0 0 0 0 0 0 0 0 0 0 0 0 0 0 0 0 0 
-------------------------
bias=786432 threshold1=1310719 threshold2=2621438-------------------------

old level=34471936 level=16 bias=786432 QMAT_SHIFT=21 i=1 j=1 qmat[j]=65536 block[j]=526
level= (bias + 526 * qmat[j] >>QMAT_SHIFT;
old level=6160290 level=3 bias=786432 QMAT_SHIFT=21 i=15 j=5 qmat[j]=43690 block[j]=141

qmat -------------------------
32768 65536 65536 52428 43690 43690 37449 32768 65536 65536 52428 43690 43690 37449 32768 29127 65536 52428 43690 43690 37449 32768 32768 29127 52428 52428 43690 43690 37449 32768 29127 26214 52428 43690 43690 37449 32768 32768 26214 21845 43690 43690 37449 32768 32768 26214 21845 18724 43690 43690 37449 32768 29127 23831 18724 15420 43690 37449 32768 29127 23831 18724 15420 
-------------------------
old level=36110336 level=17 bias=786432 QMAT_SHIFT=21 i=1 j=1 qmat[j]=65536 block[j]=551

qmat -------------------------
32768 43690 37449 32768 29127 26214 26214 21845 43690 43690 32768 29127 26214 26214 21845 20164 37449 32768 29127 26214 26214 21845 21845 18724 32768 32768 29127 26214 26214 21845 20164 17476 32768 29127 26214 26214 21845 20164 17476 14563 29127 26214 26214 21845 20164 17476 14563 12483 29127 26214 26214 21845 18724 15420 12483 10485 26214 26214 20164 18724 15420 12483 10485 
-------------------------
old level=24073190 level=11 bias=786432 QMAT_SHIFT=21 i=1 j=1 qmat[j]=43690 block[j]=551

qmat -------------------------
32768 32768 29127 23831 20164 20164 18724 15420 32768 32768 23831 21845 20164 18724 15420 14563 29127 23831 20164 20164 18724 15420 15420 13797 23831 23831 20164 20164 18724 15420 14563 13107 23831 20164 20164 18724 16384 15420 13107 10922 20164 20164 18724 16384 15420 13107 10922 9039 20164 20164 18724 15420 13797 11397 9362 7710 20164 18724 15420 13797 11397 9362 7710 
-------------------------
old level=18055168 level=8 bias=786432 QMAT_SHIFT=21 i=1 j=1 qmat[j]=32768 block[j]=551

qmat -------------------------
32768 26214 23831 20164 16384 16384 14563 12483 26214 26214 20164 17476 16384 14563 12483 11397 23831 20164 16384 16384 14563 12483 12483 11397 20164 20164 16384 16384 14563 12483 11397 10485 20164 16384 16384 14563 13107 12483 10485 8738 16384 16384 14563 13107 12483 10485 8738 7281 16384 16384 14563 12483 11397 9362 7489 6096 16384 14563 12483 11397 9362 7489 6096 
-------------------------
old level=14443914 level=7 bias=786432 QMAT_SHIFT=21 i=1 j=1 qmat[j]=26214 block[j]=551
